22.196	0
49.908	248
50.216	1448
50.533	2896
50.852	4344
51.534	5792
51.817	7240
52.674	8688
52.983	10136
53.564	11584
53.806	13032
54.646	14480
73.053	15928
73.220	17376
73.576	18824
73.880	20272
74.756	21720
74.918	23168
75.623	24616
75.863	26064
76.660	27512
76.912	28960
77.889	30408
78.136	31856
78.479	33304
78.764	34752
79.577	36200
79.871	37648
80.475	39096
80.730	40544
81.440	41992
81.755	43440
82.469	44888
82.752	46336
83.473	47784
83.732	49232
96.257	50680
96.427	52128
96.881	53576
97.049	55024
98.449	56472
98.592	57920
101.529	59368
101.743	60816
102.623	62264
102.807	63510
