24.572	0
51.591	248
51.837	2896
52.039	4344
52.346	5792
53.038	7240
53.381	8688
54.113	10136
54.424	11584
55.018	13032
55.328	14480
86.909	15928
87.215	17376
87.528	18824
87.844	23168
88.123	24616
88.423	26064
88.748	27512
89.026	28960
89.708	30408
90.011	31856
90.325	33304
90.638	34752
90.941	36200
91.312	37648
91.569	39096
91.906	40544
92.198	41992
92.521	43440
93.390	44888
93.715	46336
94.019	47784
94.388	49232
112.544	50680
112.842	52128
113.154	53576
120.902	55024
121.208	56472
121.509	57920
121.826	59368
122.119	60816
122.432	62264
122.715	63510
