22.209	0
49.330	248
49.649	4344
49.971	5792
50.729	7240
51.025	8688
52.118	10136
52.522	11584
52.741	13032
53.148	14480
74.274	15928
75.080	17376
75.335	23168
75.709	24616
76.060	26064
76.679	27512
77.014	28960
78.386	30408
78.688	31856
79.001	33304
79.315	34752
79.919	36200
80.230	37648
80.754	39096
81.046	40544
81.675	41992
81.932	43440
82.875	44888
83.155	46336
83.808	47784
84.069	49232
97.636	50680
97.923	52128
98.286	53576
99.760	55024
99.915	56472
100.278	57920
100.673	59368
100.992	60816
101.946	62264
102.103	63510
