22.143	0
50.376	248
50.643	2881
50.767	4329
51.107	5777
51.851	7225
52.184	8673
52.727	10121
53.007	11569
53.875	13017
54.049	14465
74.679	15913
74.948	17361
75.266	18809
75.826	20257
76.116	23153
76.888	24601
77.184	26049
77.771	27497
78.075	28945
78.774	30393
79.755	31841
80.031	33289
80.323	34737
85.567	36185
85.730	37633
86.110	39081
86.393	40529
86.744	41977
87.021	43425
87.443	44873
87.620	46321
87.991	47769
88.400	49217
88.687	50665
97.234	52113
97.786	53561
99.798	55009
100.800	56457
100.945	57905
101.306	59353
101.629	60801
101.924	62249
102.209	63510
