24.491	0
51.387	248
51.785	4344
51.953	5792
52.331	7240
52.655	8688
53.669	10136
53.816	11584
54.198	13032
54.590	14480
77.250	15928
77.584	17376
78.231	18824
78.498	20272
79.133	27512
79.447	28960
80.211	30408
80.498	31856
81.494	33304
81.672	34752
82.262	36200
82.518	37648
87.903	39096
88.097	40544
88.516	41992
88.732	43440
89.082	44888
89.421	46336
89.710	47784
90.073	49232
99.488	50680
100.406	52128
101.536	53576
103.222	55024
103.406	56472
103.735	57920
104.047	59368
104.368	60816
104.661	62264
105.634	63510
