23.819	0
51.560	248
51.895	4344
52.223	5792
52.547	7240
52.853	8688
53.506	10136
53.652	11584
54.968	13032
55.139	14480
75.603	15928
75.843	17376
76.943	18824
77.192	20272
77.527	21720
77.819	23168
78.405	24616
78.655	26064
79.610	27512
79.861	28960
80.491	30408
80.713	31856
81.305	33304
81.654	34752
88.135	36200
88.301	37648
88.749	39096
88.997	40544
89.303	41992
89.594	43440
89.913	44888
90.226	46336
90.539	47784
90.804	49232
98.169	50680
98.484	52128
98.895	53576
99.053	55024
100.098	56472
100.414	57920
101.147	59368
101.436	60816
101.743	62264
102.033	63510
