22.069	0
55.660	248
55.967	2896
56.119	4344
56.772	5792
57.044	7240
57.468	8688
57.788	10136
58.622	11584
58.947	13032
59.525	14480
78.917	15928
79.193	17376
79.501	18824
80.122	20272
80.474	21720
80.900	23168
81.739	24616
82.012	26064
82.586	27512
82.876	28960
83.580	30408
83.856	31856
84.570	33304
84.796	34752
85.497	36200
85.792	37648
86.445	39096
86.745	40544
87.460	41992
87.762	43440
88.451	44888
88.751	46336
89.448	47784
89.748	49232
102.036	50680
102.222	52128
102.591	53576
103.638	55024
103.795	56472
104.636	57920
104.788	59368
105.666	60816
105.806	62264
106.592	63510
