23.243	0
50.076	248
50.408	2896
50.494	4344
50.803	5792
51.090	7240
51.455	8688
52.184	10136
52.465	11584
53.483	13032
53.787	14480
74.369	15928
74.619	17376
75.408	18824
75.640	20272
76.242	21720
76.527	23168
77.115	24616
77.866	26064
78.191	27512
78.488	28960
79.370	30408
79.651	31856
80.002	33304
80.315	34752
81.293	36200
81.566	37648
82.466	39096
82.749	40544
83.117	41992
83.359	43440
84.260	44888
84.522	46336
85.173	47784
85.453	49232
100.263	50680
100.416	52128
101.681	53576
101.906	55024
102.307	56472
102.627	57920
103.257	59368
103.520	60816
104.099	62264
104.371	63510
