22.146	0
62.853	248
63.184	2896
67.978	4344
68.164	5792
68.517	7240
68.817	8688
69.172	10136
69.452	11584
69.751	13032
70.066	14480
85.747	15928
86.217	17376
86.523	18824
87.521	20272
87.702	23168
93.102	24616
93.248	26064
93.705	27512
93.892	28960
94.256	30408
94.612	31856
96.174	33304
96.326	34752
96.690	36200
96.969	37648
97.392	39096
97.547	40544
98.465	41992
98.611	43440
99.583	44888
103.114	46336
103.298	47784
103.607	49232
103.927	50680
110.275	52128
110.551	53576
110.872	55024
111.193	56472
111.493	57920
117.076	59368
117.224	60816
117.581	62264
117.858	63510
