22.203	0
53.717	248
54.102	4344
54.278	5792
54.654	7240
54.979	8688
55.268	10136
55.622	11584
55.896	13032
56.211	14480
79.972	15928
81.727	17376
81.922	25568
81.999	26064
82.841	27512
83.030	28960
83.718	30408
83.960	31856
84.802	33304
84.989	34752
85.747	36200
85.943	37648
87.202	39096
87.395	40544
87.726	41992
88.075	43440
88.775	44888
88.939	46336
90.734	47784
90.927	49232
103.381	50680
103.604	52128
103.997	53576
107.488	55024
107.667	56472
108.026	57920
108.342	59368
108.742	60816
108.901	62264
109.956	63510
